U:[[ -5.47722558e-01  -2.77555756e-16  -7.07106781e-01  -1.32058463e-01
   -4.27271064e-01]
 [ -3.65148372e-01  -4.08248290e-01   1.52655666e-16  -5.43516408e-01
    6.36073827e-01]
 [ -5.47722558e-01   1.38777878e-16   7.07106781e-01  -1.32058463e-01
   -4.27271064e-01]
 [ -3.65148372e-01  -4.08248290e-01   1.66533454e-16   8.07633333e-01
    2.18468301e-01]
 [ -3.65148372e-01   8.16496581e-01  -2.22044605e-16   1.32058463e-01
    4.27271064e-01]]
S:[ 2.23606798  1.41421356  1.        ]
V:[[ -4.08248290e-01  -8.16496581e-01  -4.08248290e-01]
 [  5.77350269e-01  -5.77350269e-01   5.77350269e-01]
 [  7.07106781e-01   3.88578059e-16  -7.07106781e-01]]
Approximation reconstruction:
[[ 0.5         1.          0.5       ]
 [ 0.33333333  0.66666667  0.33333333]
 [ 0.5         1.          0.5       ]
 [ 0.33333333  0.66666667  0.33333333]
 [ 0.33333333  0.66666667  0.33333333]]
